% N^2 Simulation Results

runs = [
		8192 10 1 3.920000;
		16384 10 1 15.670000;
		24576 10 1 32.380001;
		32768 10 1 62.669998;
		40960 10 1 91.040001;
		49152 10 1 129.490005;
E: clFinish() => [-36] CL_INVALID_COMMAND_QUEUE
