% N^2 Simulation Results

runs = [
		512 100 1 0.620000;
		512 100 2 0.620000;
		512 100 4 0.620000;
		512 100 6 0.610000;
		512 100 8 0.620000;
		512 100 10 0.610000;
		1024 100 1 1.240000;
		1024 100 2 1.220000;
		1024 100 4 1.240000;
		1024 100 6 1.230000;
		1024 100 8 1.220000;
		1024 100 10 1.230000;
		1536 100 1 2.540000;
		1536 100 2 2.550000;
		1536 100 4 2.530000;
		1536 100 6 2.530000;
		1536 100 8 2.540000;
		1536 100 10 2.530000;
		2048 100 1 2.460000;
		2048 100 2 2.450000;
		2048 100 4 2.460000;
		2048 100 6 2.450000;
		2048 100 8 2.450000;
		2048 100 10 2.450000;
		2560 100 1 3.560000;
		2560 100 2 3.570000;
		2560 100 4 3.570000;
		2560 100 6 3.550000;
		2560 100 8 3.560000;
		2560 100 10 3.560000;
		3072 100 1 5.080000;
		3072 100 2 5.070000;
		3072 100 4 5.070000;
		3072 100 6 5.060000;
		3072 100 8 5.070000;
		3072 100 10 5.060000;
		3584 100 1 6.810000;
		3584 100 2 6.800000;
		3584 100 4 6.800000;
		3584 100 6 6.810000;
		3584 100 8 6.800000;
		3584 100 10 6.820000;
		4096 100 1 9.810000;
		4096 100 2 9.810000;
		4096 100 4 9.790000;
		4096 100 6 9.800000;
		4096 100 8 9.790000;
		4096 100 10 9.800000;
		4608 100 1 15.190000;
		4608 100 2 15.180000;
		4608 100 4 15.180000;
		4608 100 6 15.190000;
		4608 100 8 15.200000;
		4608 100 10 15.200000;
		5120 100 1 14.240000;
		5120 100 2 14.250000;
		5120 100 4 14.220000;
		5120 100 6 14.230000;
		5120 100 8 14.220000;
		5120 100 10 14.230000;
		5632 100 1 17.139999;
		5632 100 2 17.129999;
		5632 100 4 17.129999;
		5632 100 6 17.129999;
		5632 100 8 17.129999;
		5632 100 10 17.129999;
		6144 100 1 20.270000;
		6144 100 2 20.270000;
		6144 100 4 20.260000;
		6144 100 6 20.270000;
		6144 100 8 20.260000;
		6144 100 10 20.260000;
		6656 100 1 23.620001;
		6656 100 2 23.629999;
		6656 100 4 23.610001;
		6656 100 6 23.600000;
		6656 100 8 23.610001;
		6656 100 10 23.620001;
		7168 100 1 27.209999;
		7168 100 2 27.200001;
		7168 100 4 27.190001;
		7168 100 6 27.180000;
		7168 100 8 27.170000;
		7168 100 10 27.180000;
		7680 100 1 31.049999;
		7680 100 2 31.030001;
		7680 100 4 31.030001;
		7680 100 6 31.030001;
		7680 100 8 31.049999;
		7680 100 10 31.030001;
		8192 100 1 39.169998;
		8192 100 2 39.189999;
		8192 100 4 39.160000;
		8192 100 6 39.169998;
		8192 100 8 39.169998;
		8192 100 10 39.150002;
	];
